db 15379,6007003,7000000,6007006,7000540,6007004,5003004,6007005
db 5003010,6007007,7000015,6007008,7000107,0,0,0,7000107,0,7000114
db 0,7000131,0,7000142,0,7000154,0,7000165,0,7000172,0,7000187
db 0,7000203,0,7000220,0,7000235,0,7000242,0,7000253,0,7000267
db 0,7000281,0,7000295,0,7000309,0,7000316,0,7000321,0,7000333
db 0,7000340,0,7000346,0,7000348,0,7000350,0,7000369,0,7000381
db 0,7000383,0,7000395,0,7000408,0,7000413,0,7000418,0,7000422
db 0,7000427,0,7000431,0,7000441,0,7000448,0,7000456,0,7000464
db 0,7000470,0,7000481,0,7000484,0,7000488,0,7000494,0,7000502
db 0,7000519,0,7000533,109,97,108,108,111,99,0,99,117,114,114
db 101,110,116,84,105,109,101,83,116,97,109,112,0,116,121,112
db 101,111,102,95,101,120,101,0,97,115,115,101,114,116,95,116
db 121,112,101,0,115,105,122,101,111,102,95,101,120,101,0,115
db 116,114,108,101,110,0,116,121,112,101,111,102,95,115,101,99
db 116,105,111,110,0,118,101,99,116,111,114,95,103,101,116,95
db 115,105,122,101,0,118,101,99,116,111,114,95,103,101,116,95
db 97,114,114,97,121,0,115,105,122,101,111,102,95,115,101,99
db 116,105,111,110,0,109,101,109,99,112,121,0,118,101,99,116
db 111,114,95,103,101,116,0,116,121,112,101,111,102,95,115,121
db 109,98,111,108,0,115,105,122,101,111,102,95,118,101,99,116
db 111,114,0,115,105,122,101,111,102,95,115,121,109,98,111,108
db 0,116,121,112,101,111,102,95,118,101,99,116,111,114,0,112
db 114,105,110,116,102,0,80,101,114,114,0,115,104,101,108,108
db 95,112,97,110,105,99,0,99,111,110,99,97,116,0,105,115,78,117
db 109,0,116,0,80,0,118,101,99,116,111,114,95,99,111,110,115
db 116,114,117,99,116,111,114,0,118,101,99,116,111,114,95,112
db 117,115,104,0,110,0,117,110,101,115,99,97,112,101,83,116,114
db 0,118,101,99,116,111,114,95,99,108,101,97,114,0,102,114,101
db 101,0,115,101,103,49,0,111,112,49,0,115,101,103,50,0,111,112
db 50,0,115,116,114,95,97,108,108,111,99,0,115,116,114,99,109
db 112,0,105,115,65,108,112,104,97,0,116,111,76,111,119,101,114
db 0,102,111,112,101,110,0,102,103,101,116,115,116,114,105,110
db 103,0,80,50,0,65,114,114,0,80,114,105,110,116,0,115,116,114
db 50,110,117,109,0,102,105,110,100,83,121,109,98,111,108,66
db 121,78,97,109,101,0,103,101,116,83,121,109,98,111,108,78,97
db 109,101,0,102,119,114,105,116,101,0,0,0,0,0,0,0,0,0,0,0,0
db 0,0,0,0,0,0,0,0,0,0,0,0,0,0,0,0,0,0,0,0,0,0,0,0,0,0,0,0,0
db 0,0,0,0,0,0,0,0,0,0,0,0,0,0,0,0,0,0,0,0,0,0,0,0,0,0,0,0,0
db 0,0,0,0,0,0,0,0,0,0,0,0,0,0,0,0,0,0,0,0,0,0,0,0,0,0,0,0,0
db 0,0,0,0,0,0,0,0,0,0,0,0,0,0,0,0,0,0,0,0,0,0,0,0,0,0,0,0,0
db 0,0,0,0,0,0,0,0,0,0,0,0,0,0,0,0,0,0,0,0,0,0,0,0,0,0,0,0,0
db 0,0,0,0,0,0,0,0,0,0,0,135,0,6,9,0,6,14,3,1,31,25,7000015,10
db 7,1,1134,10050,16,-1,1134,50,16,-2,3,1134,50,16,-3,2,1134
db 50,16,-4,0,14,3,0,31,25,7000017,1134,10050,16,-5,14,3,0,31
db 0,7001215,1134,10050,16,-6,10133,500001,16,-1,10,1,0,14,10002
db 14,250018,7000019,10133,500001,16,-2,10133,500002,16,-1,10
db 2,1,14,20003,14,10019,10133,500001,16,-3,10133,500002,16,-1
db 10,2,2,14,20003,14,10019,10133,500001,16,-4,10133,500002,16
db -1,10,2,3,14,20003,14,10019,10133,500001,16,-5,10133,500002
db 16,-1,10,2,4,14,20003,14,10019,10133,500001,16,-6,10133,500002
db 16,-1,10,2,5,14,20003,14,10019,10133,500001,16,-1,117,40,117
db 40,135,0,3,9,25,7000019,10133,500001,16,2,9,1,14,3,2,31,25
db 7000021,10,7,2,10133,500001,16,2,10,1,5,14,10002,1134,180050
db 16,-1,10133,500001,16,-1,9,1,14,3,1,31,0,7001288,10,7,1,1134
db 10050,16,-2,10133,500001,16,-2,14,250002,7000023,10,10002
db 1134,20050,16,-3,10133,500001,16,-3,117,40,117,40,135,0,4
db 9,25,7000019,10133,500001,16,2,9,1,14,3,2,31,25,7000021,10
db 7,2,10133,500001,16,4,22,1,14,10002,10133,500001,16,2,10,1
db 5,14,10003,14,190001,10,20001,1134,10050,16,-1,10133,500001
db 16,-1,9,1,14,3,1,31,0,7001288,10,7,1,1134,10050,16,-2,10133
db 500001,16,-2,14,250002,7000023,10,10002,1134,20050,16,-3,10133
db 500001,16,3,108,1,14,10002,15,20000,0,4,0,7001041,10133,500001
db 16,-3,9,1,14,3,1,31,25,7000015,10,7,1,1134,10050,16,3,10133
db 500001,16,3,10,250001,7000023,14,10002,1134,20050,16,-4,10133
db 500001,16,3,22,1,14,10002,9,2,9,0,0,10133,500001,16,-4,9,1
db 10133,500001,16,-1,9,1,14,3,4,31,0,7001444,10,7,4,1134,10050
db 16,-1,10133,500001,16,3,10,1,0,14,10002,14,250018,7000019
db 10133,500001,16,2,10,1,1,14,10002,10133,500001,16,3,10,1,1
db 14,10003,14,180019,10133,500001,16,2,10,1,2,14,10002,10133
db 500001,16,3,10,1,2,14,10003,14,180019,10133,500001,16,2,10
db 1,3,14,10002,10133,500001,16,3,10,1,3,14,10003,14,180019,10133
db 500001,16,2,10,1,4,14,10002,10133,500001,16,3,10,1,4,14,10003
db 14,180019,10133,500001,16,5,10133,500002,16,-1,10,10002,14
db 20001,10133,500002,16,3,10,2,5,14,20003,14,10019,10133,500001
db 16,3,117,40,117,40,135,0,1,9,0,3,14,3,1,31,25,7000015,10,7
db 1,1134,10050,16,-1,14,3,0,31,0,7001747,10133,500002,16,-1
db 10,2,0,14,20003,14,10019,14,3,0,31,0,7001906,10133,500002
db 16,-1,10,2,1,14,20003,14,10019,10133,500001,16,-1,10,1,2,14
db 10002,14,18,0,10133,500001,16,-1,117,40,117,40,135,0,5,10133
db 500001,16,2,9,1,14,3,1,31,25,7000025,10,7,1,1134,10050,16
db -1,10133,500001,16,-1,10,1,1,14,10002,1134,20050,16,-2,1134
db 50,16,-3,0,1134,50,16,-3,0,10133,500001,16,-3,10133,500002
db 16,-1,11,10002,14,20001,87,10001,19,1,0,15,10000,0,7,0,7001436
db 10133,500001,16,-3,10133,500002,16,2,10,10002,14,20001,1134
db 170050,16,-4,9,25,7000027,10133,500001,16,-4,9,1,14,3,2,31
db 25,7000021,10,7,2,10133,500001,16,-4,9,1,14,3,1,31,0,7002027
db 10,7,1,1134,10050,16,-5,10133,500001,16,-5,10133,500002,16
db -2,10,10002,1134,20050,16,-2,10133,500001,16,-3,20,1,1134
db 10050,16,-3,2,0,7001333,10133,500001,16,-2,117,40,117,40,135
db 0,6,10133,500001,16,2,9,1,14,3,1,31,25,7000025,10,7,1,1134
db 10050,16,-1,10133,500001,16,2,9,1,14,3,1,31,0,7001288,10,7
db 1,1134,10050,16,-2,10133,500001,16,3,108,1,14,10002,15,20000
db 0,4,0,7001518,10133,500001,16,-2,9,1,14,3,1,31,25,7000015
db 10,7,1,1134,10050,16,3,10133,500001,16,-1,10,1,1,14,10002
db 10133,500001,16,3,10,20001,14,10002,1134,20050,16,-3,1134
db 50,16,-4,0,1134,50,16,-4,0,10133,500001,16,-4,10133,500002
db 16,-1,11,10002,14,20001,87,10001,19,1,0,15,10000,0,7,0,7001724
db 10133,500001,16,4,22,1,14,10002,10133,500001,16,-4,10133,500003
db 16,2,10,10003,14,30001,14,170003,10,20003,1134,30050,16,-5
db 9,25,7000027,10133,500001,16,-5,9,1,14,3,2,31,25,7000021,10
db 7,2,10133,500001,16,-5,9,1,14,3,1,31,0,7002027,10,7,1,1134
db 10050,16,-6,10133,500001,16,5,9,1,9,0,0,10133,500001,16,-3
db 9,1,10133,500001,16,-5,9,1,14,3,4,31,0,7002076,10,7,4,1134
db 10050,16,-5,10133,500001,16,5,10133,500002,16,-5,10,10002
db 14,20001,10133,500002,16,-4,10133,500003,16,3,10,20003,14
db 30002,14,10018,10133,500001,16,-6,10133,500002,16,-3,10,10002
db 1134,20050,16,-3,10133,500001,16,-4,20,1,1134,10050,16,-4
db 2,0,7001549,10133,500001,16,-1,10133,500002,16,3,10,10002
db 14,20001,14,17,0,10133,500001,16,3,117,40,117,40,135,0,5,9
db 0,4,14,3,1,31,25,7000015,10,7,1,1134,10050,16,-1,1134,50,16
db -2,3,9,25,7007806,14,3,1,31,0,7002310,10,7,1,1134,10050,16
db -3,10133,500001,16,-3,9,1,14,3,1,31,25,7000015,10,7,1,1134
db 10050,16,-4,10133,500001,16,-4,22,1,14,10002,9,2,9,0,0,10133
db 500001,16,-4,9,1,9,25,7007806,14,3,4,31,0,7002476,10,7,4,1134
db 10050,16,-5,10133,500001,16,-1,10,1,0,14,10002,14,250018,7000027
db 10133,500001,16,-2,10133,500002,16,-1,10,2,1,14,20003,14,10019
db 10133,500001,16,-3,10133,500002,16,-1,10,2,2,14,20003,14,10019
db 10133,500001,16,-5,10133,500002,16,-1,10,2,3,14,20003,14,10019
db 10133,500001,16,-1,117,40,117,40,135,0,4,9,0,4,14,3,1,31,25
db 7000015,10,7,1,1134,10050,16,-1,1134,50,16,-2,0,9,25,7000705
db 14,3,1,31,25,7000029,10,7,1,1134,10050,16,-3,9,25,7000705
db 14,3,1,31,25,7000031,10,7,1,1134,10050,16,-4,10133,500001
db 16,-1,10,1,0,14,10002,14,250018,7000027,10133,500001,16,-2
db 10133,500002,16,-1,10,2,1,14,20003,14,10019,10133,500001,16
db -3,10133,500002,16,-1,10,2,2,14,20003,14,10019,10133,500001
db 16,-4,10133,500002,16,-1,10,2,3,14,20003,14,10019,10133,500001
db 16,-1,117,40,117,40,135,0,1,9,25,7000027,10133,500001,16,2
db 9,1,14,3,2,31,25,7000021,10,7,2,10133,500001,16,2,10,1,2,14
db 10002,1134,180050,16,-1,10133,500001,16,-1,14,250002,7000033
db 10,10002,14,20001,117,40,117,40,135,0,4,9,25,7000027,10133
db 500001,16,2,9,1,14,3,2,31,25,7000021,10,7,2,10133,500001,16
db 2,9,1,14,3,1,31,0,7002027,10,7,1,1134,10050,16,-1,10133,500001
db 16,3,108,1,14,10002,15,20000,0,4,0,7002149,10133,500001,16
db -1,9,1,14,3,1,31,25,7000015,10,7,1,1134,10050,16,3,10133,500001
db 16,3,10,1,0,14,10002,14,250018,7000027,10133,500001,16,2,10
db 1,1,14,10002,10133,500001,16,3,10,1,1,14,10003,14,180019,10133
db 500001,16,2,10,1,2,14,10002,10133,500001,16,3,10,1,2,14,10003
db 14,180019,10133,500001,16,3,10,250001,7000033,14,10002,1134
db 20050,16,-2,10133,500001,16,5,10133,500002,16,-2,10,10002
db 14,20001,10133,500002,16,3,10,2,3,14,20003,14,10019,10133
db 500001,16,2,10,1,2,14,10002,1134,180050,16,-3,10133,500001
db 16,4,22,1,14,10002,10133,500001,16,2,10,1,3,14,10003,14,190001
db 10,20001,1134,10050,16,-4,10133,500001,16,-3,9,1,10133,500001
db 16,-4,9,1,10133,500001,16,-2,9,1,14,3,3,31,25,7000035,10,7
db 3,10133,500001,16,3,117,40,117,40,135,0,4,10133,500001,16
db 2,9,1,14,3,1,31,25,7000029,10,7,1,1134,10050,16,-1,10133,500001
db 16,2,9,1,14,3,1,31,0,7003321,10,7,1,1134,10050,16,-2,1134
db 50,16,-3,0,1134,50,16,-3,0,10133,500001,16,-3,10133,500002
db 16,-1,11,10002,14,20001,87,10001,19,1,0,15,10000,0,7,0,7002468
db 10133,500001,16,-3,9,1,9,0,0,10133,500001,16,2,9,1,14,3,3
db 31,25,7000037,10,7,3,1134,10050,16,-4,9,25,7000039,10133,500001
db 16,-4,9,1,14,3,2,31,25,7000021,10,7,2,10133,500001,16,-4,9
db 1,14,3,1,31,0,7002853,10,7,1,10133,500002,16,-2,10,10002,1134
db 20050,16,-2,10133,500001,16,-3,20,1,1134,10050,16,-3,2,0,7002361
db 10133,500001,16,-2,117,40,117,40,135,0,10,10133,500001,16
db 2,9,1,14,3,1,31,25,7000029,10,7,1,1134,10050,16,-1,10133,500001
db 16,2,9,1,14,3,1,31,0,7002310,10,7,1,1134,10050,16,-2,10133
db 500001,16,3,108,1,14,10002,15,20000,0,4,0,7002550,10133,500001
db 16,-2,9,1,14,3,1,31,25,7000015,10,7,1,1134,10050,16,3,10133
db 500001,16,3,1134,10050,16,-3,10133,500001,16,2,9,1,14,3,1
db 31,0,7003321,10,7,1,1134,10050,16,-4,10133,500001,16,5,9,1
db 9,0,0,10133,500001,16,-3,9,1,10133,500001,16,2,9,1,14,3,4
db 31,0,7003368,10,7,4,10133,500001,16,-3,1134,10050,16,-5,10133
db 500001,16,-5,10,250001,7000041,14,10002,1134,20050,16,-6,10133
db 500001,16,-4,10133,500002,16,-3,10,10002,1134,20050,16,-3
db 1134,50,16,-7,0,1134,50,16,-7,0,10133,500001,16,-7,10133,500002
db 16,-1,11,10002,14,20001,87,10001,19,1,0,15,10000,0,7,0,7002845
db 10133,500001,16,-7,9,1,9,0,0,10133,500001,16,2,9,1,14,3,3
db 31,25,7000037,10,7,3,1134,10050,16,-8,10133,500001,16,4,10133
db 500002,16,-8,11,10002,1134,20050,16,-8,9,25,7000039,10133
db 500001,16,-8,9,1,14,3,2,31,25,7000021,10,7,2,10133,500001
db 16,-8,9,1,14,3,1,31,0,7002853,10,7,1,1134,10050,16,-9,10133
db 500001,16,5,9,1,9,0,0,10133,500001,16,-3,9,1,10133,500001
db 16,-8,9,1,14,3,4,31,0,7002976,10,7,4,10133,500001,16,5,10133
db 500002,16,-3,10,10002,14,20001,1134,10050,16,-10,10133,500001
db 16,-10,10133,500002,16,-7,10133,500003,16,-6,10,20003,14,30002
db 14,10018,10133,500001,16,-9,10133,500002,16,-3,10,10002,1134
db 20050,16,-3,10133,500001,16,-7,20,1,1134,10050,16,-7,2,0,7002652
db 10133,500001,16,3,117,40,117,40,135,0,3,9,25,7000039,10133
db 500001,16,2,9,1,14,3,2,31,25,7000021,10,7,2,10133,500001,16
db 2,10,1,1,14,10002,1134,180050,16,-1,10133,500001,16,2,10,1
db 3,14,10002,1134,180050,16,-2,1134,250050,16,-3,7000043,10133
db 500001,16,-1,9,1,14,3,1,31,25,7000025,10,7,1,10,1,1,10133
db 500002,16,-3,10,10002,1134,20050,16,-3,10133,500001,16,-2
db 15,10000,0,4,0,7002968,10133,500001,16,-2,9,1,14,3,1,31,0
db 7003321,10,7,1,10133,500002,16,-3,10,10002,1134,20050,16,-3
db 10133,500001,16,-3,117,40,117,40,135,0,6,9,25,7000039,10133
db 500001,16,2,9,1,14,3,2,31,25,7000021,10,7,2,10133,500001,16
db 2,9,1,14,3,1,31,0,7002853,10,7,1,1134,10050,16,-1,10133,500001
db 16,2,10,1,1,14,10002,1134,180050,16,-2,10133,500001,16,4,22
db 1,14,10002,10133,500001,16,2,10,1,3,14,10003,14,190001,10
db 20001,1134,10050,16,-3,10133,500001,16,3,108,1,14,10002,15
db 20000,0,4,0,7003087,10133,500001,16,-1,9,1,14,3,1,31,25,7000015
db 10,7,1,1134,10050,16,3,10133,500001,16,3,10,250001,7000043
db 14,10002,1134,20050,16,-4,10133,500001,16,-2,9,1,14,3,1,31
db 25,7000025,10,7,1,1134,10050,16,-5,10133,500001,16,-5,9,1
db 10133,500001,16,-2,9,1,10133,500001,16,-4,9,1,14,3,3,31,25
db 7000035,10,7,3,10133,500001,16,-4,1134,10050,16,-6,10133,500001
db 16,-5,10133,500002,16,-4,10,10002,1134,20050,16,-4,10133,500001
db 16,-4,14,10002,20,1,1134,10050,16,-4,14,18,0,10133,500001
db 16,3,10,1,3,14,10002,14,18,0,10133,500001,16,-3,15,10000,0
db 4,0,7003258,10133,500001,16,5,9,1,9,0,0,10133,500001,16,-4
db 9,1,10133,500001,16,-3,9,1,14,3,4,31,0,7003368,10,7,4,10133
db 500001,16,5,10133,500002,16,-4,10,10002,14,20001,10133,500002
db 16,3,10,2,3,14,20003,14,10019,10133,500001,16,3,10,1,0,14
db 10002,14,250018,7000039,10133,500001,16,5,10133,500002,16
db -6,10,10002,14,20001,10133,500002,16,3,10,2,1,14,20003,14
db 10019,10133,500001,16,2,10,1,2,14,10002,10133,500001,16,3
db 10,1,2,14,10003,14,180019,10133,500001,16,3,117,40,117,40
db 135,0,-0,9,25,7000045,10133,500001,16,2,9,1,14,3,2,31,25,7000021
db 10,7,2,10133,500001,16,2,9,1,14,3,1,31,25,7000029,10,7,1,14
db 250002,7000041,10,10002,14,20001,117,40,117,40,135,0,4,9,25
db 7000045,10133,500001,16,2,9,1,14,3,2,31,25,7000021,10,7,2
db 10133,500001,16,2,9,1,14,3,1,31,25,7000029,10,7,1,1134,10050
db 16,-1,10133,500001,16,2,9,1,14,3,1,31,0,7003321,10,7,1,1134
db 10050,16,-2,10133,500001,16,3,108,1,14,10002,15,20000,0,4
db 0,7003460,10133,500001,16,-2,9,1,14,3,1,31,25,7000015,10,7
db 1,1134,10050,16,3,10133,500001,16,3,10,250001,7000041,14,10002
db 1134,20050,16,-3,10133,500001,16,4,22,1,14,10002,10133,500001
db 16,2,10,1,1,14,10003,14,190001,10,20001,1134,10050,16,-4,10133
db 500001,16,3,10,1,0,14,10002,14,250018,7000045,10133,500001
db 16,5,10133,500002,16,-3,10,10002,14,20001,10133,500002,16
db 3,10,2,1,14,20003,14,10019,10133,500001,16,-1,10133,500002
db 16,3,10,2,2,14,20003,14,10019,10133,500001,16,-1,10133,500002
db 16,3,10,2,3,14,20003,14,10019,10133,500001,16,3,10,1,4,14
db 10002,14,18,1,10133,500001,16,-1,9,1,10133,500001,16,-4,9
db 1,10133,500001,16,-3,9,1,14,3,3,31,25,7000035,10,7,3,10133
db 500001,16,3,117,40,117,40,135,0,4,10133,500001,16,2,9,1,14
db 3,1,31,25,7000029,10,7,1,1134,10050,16,-1,10133,500001,16
db 3,10133,500002,16,2,10,2,1,14,20003,11,10019,1134,50,16,-2
db 0,10133,500001,16,-2,10133,500002,16,-1,11,10002,14,20001
db 87,10001,19,1,0,15,10000,0,7,0,7003773,10133,500001,16,-2
db 9,1,9,0,0,10133,500001,16,2,9,1,14,3,3,31,25,7000037,10,7
db 3,1134,10050,16,-3,10133,500001,16,2,10,1,1,14,10002,1134
db 180050,16,-4,10133,500001,16,-2,10133,500002,16,-4,10,10002
db 1134,20050,16,-4,10133,500001,16,-3,9,1,10133,500001,16,-4
db 9,1,10133,500001,16,-2,9,1,9,0,7003790,14,3,4,31,25,7000047
db 10,7,4,10133,500001,16,-2,20,1,1134,10050,16,-2,2,0,7003652
db 10133,500001,16,3,10133,500002,16,2,10,2,1,14,20003,10,10019
db 117,40,37,100,32,64,32,37,100,32,37,100,10,0,135,0,-0,14,3
db 0,31,0,7013535,10133,500001,16,2,9,1,14,3,1,31,25,7000049
db 10,7,1,9,0,7003846,14,3,1,31,25,7000049,10,7,1,14,3,0,31,25
db 7000051,117,40,32,101,120,112,101,99,116,101,100,10,0,0,135
db 0,1,10133,500001,16,3,14,10025,7003857,10133,500001,16,3,9
db 1,10133,500001,16,2,9,1,14,3,2,31,0,7007694,10,7,2,108,1,15
db 10000,0,4,0,7003937,9,0,7003939,10133,500001,16,3,9,1,9,0
db 7003939,14,3,3,31,25,7000053,10,7,3,1134,10050,16,-1,10133
db 500001,16,-1,9,1,14,3,1,31,0,7003802,10,7,1,117,40,34,0,135
db 0,3,10133,500001,16,2,1134,170050,16,-1,1134,50,16,-2,0,1134
db 50,16,-3,-999,10014,330001,2,10,1,-2,9,1,10133,500001,16,2
db 9,17,14,3,2,31,0,7009055,10,7,2,1134,10050,16,-3,10133,500001
db 16,-2,15,10000,0,4,0,7004032,10133,500001,16,-3,10133,500002
db 16,3,14,10018,10133,500001,16,-2,10133,500002,16,2,14,180003
db 10,10003,10133,500001,16,2,14,30017,14,1,1,117,40,10133,500001
db 16,-1,10133,500002,16,2,14,10018,14,1,0,117,40,117,40,135
db 0,-0,10133,500001,16,3,9,1,10133,500001,16,2,9,1,14,3,2,31
db 0,7003941,10,7,2,108,1,15,10000,0,4,0,7004093,9,0,7004095
db 14,3,1,31,0,7003802,10,7,1,117,40,110,117,109,98,101,114,0
db 135,0,4,10133,500001,16,2,1134,170050,16,-1,1134,50,16,-2
db 0,10133,500001,16,-2,14,2,16,11,10002,87,20002,19,2,0,15,20000
db 0,7,0,7004259,10133,500001,16,-2,14,2,7010952,10,10002,1134
db 20050,16,-3,10133,500001,16,-3,1134,170050,16,-3,10133,500001
db 16,-3,9,1,10133,500001,16,2,9,1,14,3,2,31,0,7007694,10,7,2
db 15,10000,0,4,0,7004246,9,0,7004276,10133,500001,16,2,9,1,14
db 3,2,31,0,7007694,10,7,2,15,10000,0,4,0,7004246,10133,500001
db 16,-2,10,1,1,14,10002,1134,20050,16,-4,10133,500001,16,-2
db 10,1,1,14,10002,10133,500001,16,3,14,20017,14,1,1,117,40,2
db 0,7004246,10133,500001,16,-2,20,1,1134,10050,16,-2,2,0,7004118
db 10133,500001,16,-1,10133,500002,16,2,14,10018,14,1,0,117,40
db 117,40,58,0,135,0,4,10133,500001,16,2,1134,170050,16,-1,1134
db 50,16,-2,0,10133,500001,16,-2,14,2,16,11,10002,87,20002,19
db 2,0,15,20000,0,7,0,7004403,10133,500001,16,-2,14,2,7010969
db 10,10002,1134,20050,16,-3,10133,500001,16,-3,1134,170050,16
db -3,10133,500001,16,-3,9,1,10133,500001,16,2,9,1,14,3,2,31
db 0,7007694,10,7,2,15,10000,0,4,0,7004390,10133,500001,16,-2
db 10,1,1,14,10002,10133,500001,16,3,14,20017,10133,500001,16
db 3,1134,170050,16,-4,14,1,1,117,40,10133,500001,16,-2,20,1
db 1134,10050,16,-2,2,0,7004294,10133,500001,16,-1,10133,500002
db 16,2,14,10018,14,1,0,117,40,117,40,135,0,4,10133,500001,16
db 2,1134,170050,16,-1,1134,50,16,-2,0,1134,50,16,-3,0,1134,50
db 16,-4,0,10133,500001,16,3,14,17,0,10133,500001,16,4,14,17
db -4,10133,500001,16,5,14,17,0,10133,500001,16,4,9,1,10133,500001
db 16,2,9,1,14,3,2,31,0,7004102,10,7,2,9,0,7004895,10133,500001
db 16,2,9,1,14,3,2,31,0,7007694,10,7,2,15,10000,0,4,0,7004517
db 1134,50,16,-2,1,10133,500001,16,5,9,1,10133,500001,16,2,9
db 1,14,3,2,31,0,7004278,10,7,2,15,10000,0,4,0,7004552,1134,50
db 16,-4,1,2,0,7004641,10133,500001,16,5,9,1,10133,500001,16
db 2,9,1,14,3,2,31,0,7003941,10,7,2,15,10000,0,4,0,7004587,1134
db 50,16,-3,1,2,0,7004641,9,0,7000620,10133,500001,16,2,9,1,14
db 3,2,31,0,7004990,10,7,2,15,10000,0,4,0,7004641,10133,500001
db 16,5,14,17,700001,1134,50,16,-3,1,10133,500001,16,7,9,1,9
db 0,7000620,14,3,2,31,0,7008094,10,7,2,10133,500001,16,-3,108
db 1,14,10002,10133,500001,16,-4,108,1,14,10003,50,20003,15,30000
db 0,4,0,7004680,10133,500001,16,-1,10133,500002,16,2,14,10018
db 14,1,0,117,40,10133,500001,16,-3,10133,500002,16,-4,50,10002
db 14,20001,15,10000,0,4,0,7004716,9,0,7004897,14,3,1,31,25,7000049
db 10,7,1,14,3,0,31,25,7000051,10133,500001,16,-3,15,10000,0
db 4,0,7004782,10133,500001,16,-2,15,10000,0,4,0,7004746,10133
db 500001,16,3,14,17,25,2,0,7004782,10133,500001,16,4,14,2,-4
db 11,170002,86,20002,87,20002,15,20000,0,4,0,7004775,10133,500001
db 16,3,14,17,50,2,0,7004782,10133,500001,16,3,14,17,0,10133
db 500001,16,-4,15,10000,0,4,0,7004888,10133,500001,16,-2,15
db 10000,0,4,0,7004827,10133,500001,16,5,14,170002,10,2,16,10133
db 500001,16,3,14,20017,10133,500001,16,5,14,17,0,2,0,7004888
db 10133,500001,16,4,14,2,-4,11,170002,86,20002,87,20002,15,20000
db 0,4,0,7004871,10133,500001,16,5,14,170002,10,2,25,10133,500001
db 16,3,14,20017,10133,500001,16,5,14,17,0,2,0,7004888,10133
db 500001,16,5,10133,500002,16,3,14,170018,10133,500001,16,5
db 14,17,0,14,1,1,117,40,117,40,35,0,108,111,103,105,99,32,101
db 114,114,111,114,0,135,0,-0,14,25,7003857,7004980,10133,500001
db 16,7,9,1,10133,500001,16,6,9,1,10133,500001,16,5,9,1,10133
db 500001,16,4,9,1,10133,500001,16,3,9,1,10133,500001,16,2,9
db 1,14,3,6,31,0,7004420,10,7,6,108,1,15,10000,0,4,0,7004978
db 14,3,0,10133,500001,16,6,31,1,117,40,60,111,112,101,114,97
db 110,100,62,0,135,0,3,10133,500001,16,2,1134,170050,16,-1,10133
db 500001,16,2,1134,170050,16,-2,10133,500001,16,3,1134,10050
db 16,-3,10133,500001,16,-2,9,17,14,3,1,31,0,7010688,10,7,1,108
db 1,15,10000,0,4,0,7005043,2,0,7005139,10133,500001,16,-2,9
db 17,14,3,1,31,25,7000055,10,7,1,15,10000,0,4,0,7005067,2,0
db 7005139,10133,500001,16,-2,9,17,14,3,1,31,0,7010688,10,7,1
db 15,10000,0,7,0,7005117,10133,500001,16,-2,14,10002,20,1,1134
db 10050,16,-2,10133,500001,16,-3,14,10003,20,1,1134,10050,16
db -3,14,180019,2,0,7005067,10133,500001,16,-2,10133,500002,16
db 2,14,10018,10133,500001,16,-3,14,17,0,14,1,1,117,40,10133
db 500001,16,-1,10133,500002,16,2,14,10018,14,1,0,117,40,117
db 40,135,0,1,10133,500001,16,2,1134,170050,16,-1,10133,500001
db 16,-1,14,2,32,11,170002,86,20002,87,20002,108,2,15,20000,0
db 4,0,7005208,10133,500001,16,-1,10,1,1,14,10002,10133,500001
db 16,2,14,20017,14,1,1,117,40,10133,500001,16,-1,14,2,9,11,170002
db 86,20002,87,20002,108,2,15,20000,0,4,0,7005249,10133,500001
db 16,-1,10,1,1,14,10002,10133,500001,16,2,14,20017,14,1,1,117
db 40,14,1,0,117,40,117,40,135,0,1,10133,500001,16,2,1134,170050
db 16,-1,9,0,7005346,10133,500001,16,2,9,1,14,3,2,31,0,7007694
db 10,7,2,15,10000,0,4,0,7005329,10133,500001,16,-1,15,170000
db 0,7,0,7005314,10133,500001,16,-1,20,1,1134,10050,16,-1,2,0
db 7005291,10133,500001,16,-1,10133,500002,16,2,14,10018,14,1
db 1,117,40,10133,500001,16,-1,10133,500002,16,2,14,10018,14
db 1,0,117,40,117,40,47,47,0,135,0,1,10133,500001,16,2,1134,170050
db 16,-1,9,0,7000620,10133,500001,16,2,9,1,14,3,2,31,0,7004990
db 10,7,2,15,10000,0,4,0,7005455,9,0,7004276,10133,500001,16
db 2,9,1,14,3,2,31,0,7007694,10,7,2,15,10000,0,4,0,7005428,9
db 0,7000620,14,3,1,31,0,7007842,10,7,1,14,1,1,117,40,2,0,7005455
db 14,3,0,31,0,7013535,9,0,7005472,14,3,1,31,25,7000059,10,7
db 1,14,25,7000704,1,14,1,0,117,40,10133,500001,16,-1,10133,500002
db 16,2,14,10018,14,1,0,117,40,117,40,101,120,112,101,99,116
db 101,100,32,39,58,39,10,0,135,0,10,10133,500001,16,2,1134,170050
db 16,-1,10133,500001,16,2,1134,170050,16,-2,1134,50,16,-3,0
db 1134,50,16,-4,0,10133,500001,16,-2,14,10002,20,1,1134,10050
db 16,-2,14,1,34,11,180001,86,10001,87,10001,108,1,15,10000,0
db 4,0,7006178,9,25,7000041,14,3,1,31,25,7000015,10,7,1,1134
db 10050,16,-4,9,0,1,10133,500001,16,-4,9,1,14,3,2,31,25,7000061
db 10,7,2,1134,50,16,-5,0,10133,500001,16,-2,14,10002,20,1,1134
db 10050,16,-2,1134,180050,16,-6,10133,500001,16,-6,14,2,7006235
db 11,10002,86,20002,87,20002,108,2,15,20000,0,4,0,7005628,1134
db 50,16,-5,1,2,0,7005583,10133,500001,16,-5,15,10000,0,4,0,7005890
db 10133,500001,16,-6,14,2,110,11,10002,86,20002,87,20002,108
db 2,15,20000,0,4,0,7005680,9,0,10,10133,500001,16,-4,9,1,14
db 3,2,31,25,7000063,10,7,2,2,0,7005583,10133,500001,16,-6,14
db 2,48,11,10002,86,20002,87,20002,108,2,15,20000,0,4,0,7005722
db 9,0,0,10133,500001,16,-4,9,1,14,3,2,31,25,7000063,10,7,2,2
db 0,7005583,10133,500001,16,-6,14,2,116,11,10002,86,20002,87
db 20002,108,2,15,20000,0,4,0,7005764,9,0,9,10133,500001,16,-4
db 9,1,14,3,2,31,25,7000063,10,7,2,2,0,7005583,10133,500001,16
db -6,14,2,34,11,10002,86,20002,87,20002,108,2,15,20000,0,4,0
db 7005806,9,0,34,10133,500001,16,-4,9,1,14,3,2,31,25,7000063
db 10,7,2,2,0,7005583,10133,500001,16,-6,14,2,39,11,10002,86
db 20002,87,20002,108,2,15,20000,0,4,0,7005848,9,0,39,10133,500001
db 16,-4,9,1,14,3,2,31,25,7000063,10,7,2,2,0,7005583,10133,500001
db 16,-6,14,2,7006235,11,10002,86,20002,87,20002,108,2,15,20000
db 0,4,0,7005890,9,0,7006235,10133,500001,16,-4,9,1,14,3,2,31
db 25,7000063,10,7,2,2,0,7005583,10133,500001,16,-6,14,2,34,11
db 10002,86,20002,87,20002,108,2,15,20000,0,4,0,7005914,2,0,7005962
db 10133,500001,16,-6,14,2,0,11,10002,86,20002,87,20002,108,2
db 15,20000,0,4,0,7005938,2,0,7006178,10133,500001,16,-6,9,1
db 10133,500001,16,-4,9,1,14,3,2,31,25,7000063,10,7,2,2,0,7005583
db 10133,500001,16,-2,10133,500002,16,2,14,10018,9,0,0,10133
db 500001,16,-4,9,1,14,3,2,31,25,7000063,10,7,2,10133,500001
db 16,-4,9,1,14,3,1,31,25,7000031,10,7,1,1134,10050,16,-7,10133
db 500001,16,-7,9,1,14,3,1,31,25,7000067,10,7,1,1134,10050,16
db -8,10133,500001,16,-4,9,1,14,3,1,31,25,7000069,10,7,1,1134
db 50,16,-9,0,10133,500001,16,-8,9,1,14,3,1,31,25,7000025,10
db 7,1,1134,10050,16,-10,1134,50,16,-9,0,10133,500001,16,-9,10133
db 500002,16,-10,11,10002,14,20001,87,10001,19,1,0,15,10000,0
db 7,0,7006145,10133,500001,16,-8,14,10002,20,1,1134,10050,16
db -8,1134,180050,16,-6,10133,500001,16,-6,9,1,10133,500001,16
db -4,9,1,14,3,2,31,25,7000063,10,7,2,10133,500001,16,-9,20,1
db 1134,10050,16,-9,2,0,7006072,9,0,0,10133,500001,16,-4,9,1
db 14,3,2,31,25,7000063,10,7,2,10133,500001,16,-4,10133,500002
db 16,3,14,10018,14,1,1,117,40,10133,500001,16,-4,15,10000,0
db 4,0,7006218,10133,500001,16,-4,9,1,14,3,1,31,25,7000069,10
db 7,1,10133,500001,16,-4,9,1,14,3,1,31,25,7000071,10,7,1,10133
db 500001,16,-1,10133,500002,16,2,14,10018,14,1,0,117,40,117
db 40,0,135,0,14,10133,500001,16,2,1134,170050,16,-1,9,25,7000041
db 14,3,1,31,25,7000015,10,7,1,1134,10050,16,-2,9,0,1,10133,500001
db 16,-2,9,1,14,3,2,31,25,7000061,10,7,2,9,0,7006896,10133,500001
db 16,2,9,1,14,3,2,31,0,7007694,10,7,2,15,10000,0,4,0,7006741
db 9,25,7000701,14,3,1,31,25,7000025,10,7,1,1134,10050,16,-3
db 1134,50,16,-4,0,1134,50,16,-5,0,1134,50,16,-6,1,15,0,0,1,7
db 0,7006741,10014,330001,2,10,1,-7,9,1,10133,500001,16,2,9,1
db 14,3,2,31,0,7003941,10,7,2,15,10000,0,4,0,7006401,10133,500001
db 16,-7,9,1,10133,500001,16,-2,9,1,14,3,2,31,25,7000063,10,7
db 2,1134,50,16,-6,0,2,0,7006675,10014,330001,2,10,1,-8,9,1,10133
db 500001,16,2,9,1,14,3,2,31,0,7005486,10,7,2,15,10000,0,4,0
db 7006553,10133,500001,16,-8,9,1,14,3,1,31,25,7000031,10,7,1
db 1134,10050,16,-9,10133,500001,16,-9,14,10002,20,1,1134,10050
db 16,-9,1134,180050,16,-10,10133,500001,16,-10,15,10000,0,7
db 0,7006515,10133,500001,16,-10,9,1,10133,500001,16,-2,9,1,14
db 3,2,31,25,7000063,10,7,2,10133,500001,16,-9,14,10002,20,1
db 1134,10050,16,-9,1134,180050,16,-10,2,0,7006465,10133,500001
db 16,-8,9,1,14,3,1,31,25,7000069,10,7,1,10133,500001,16,-8,9
db 1,14,3,1,31,25,7000071,10,7,1,1134,50,16,-6,0,2,0,7006675
db 9,0,7000620,10133,500001,16,2,9,1,14,3,2,31,0,7004990,10,7
db 2,15,10000,0,4,0,7006635,10133,500001,16,-2,9,1,14,3,1,31
db 25,7000029,10,7,1,1134,10050,16,-11,9,0,0,10133,500001,16
db -2,9,1,14,3,2,31,25,7000063,10,7,2,10133,500001,16,-11,9,1
db 9,0,7000620,14,3,2,31,0,7008094,10,7,2,2,0,7006675,10133,500001
db 16,-6,15,10000,0,4,0,7006672,14,3,0,31,0,7013535,9,0,7006900
db 14,3,1,31,25,7000049,10,7,1,14,3,0,31,25,7000051,2,0,7006675
db 2,0,7006741,10133,500001,16,-4,20,1,1134,10050,16,-4,9,0,7006916
db 10133,500001,16,2,9,1,14,3,2,31,0,7007694,10,7,2,15,10000
db 0,4,0,7006714,1134,50,16,-6,1,10133,500001,16,2,9,1,14,3,1
db 31,0,7005156,10,7,1,15,10000,0,7,0,7006738,2,0,7006714,2,0
db 7006336,10133,500001,16,-2,9,1,14,3,1,31,25,7000029,10,7,1
db 1134,10050,16,-12,10133,500001,16,-12,14,2,0,11,10002,86,20002
db 87,20002,108,2,15,20000,0,4,0,7006799,10133,500001,16,-1,10133
db 500002,16,2,14,10018,14,1,0,117,40,2,0,7006894,1134,50,16
db -13,0,1134,50,16,-13,0,10133,500001,16,-13,10133,500002,16
db -12,11,10002,14,20001,87,10001,19,1,0,15,10000,0,7,0,7006889
db 10133,500001,16,-13,9,1,10014,330001,2,10,1,-14,9,1,10133
db 500001,16,-2,9,1,14,3,3,31,25,7000037,10,7,3,10133,500001
db 16,-14,9,1,14,3,1,31,0,7013383,10,7,1,10133,500001,16,-13
db 20,1,1134,10050,16,-13,2,0,7006809,14,1,1,117,40,117,40,100
db 98,32,0,118,97,108,117,101,32,101,120,112,101,99,116,101,100
db 10,0,44,0,135,0,2,10133,500001,16,2,1134,170050,16,-1,9,0
db 7007019,10133,500001,16,2,9,1,14,3,2,31,0,7007694,10,7,2,15
db 10000,0,4,0,7007002,10014,330001,2,10,1,-2,9,1,10133,500001
db 16,2,9,1,14,3,2,31,0,7003941,10,7,2,15,10000,0,4,0,7007002
db 10133,500001,16,-2,9,1,14,3,1,31,0,7013421,10,7,1,14,1,1,117
db 40,10133,500001,16,-1,10133,500002,16,2,14,10018,14,1,0,117
db 40,117,40,97,108,108,111,99,32,0,135,0,9,10133,500001,16,2
db 1134,170050,16,-1,1134,50,16,-2,0,14,1,0,14,10002,1134,20050
db 16,-3,14,1,0,14,10002,1134,20050,16,-6,10014,330001,2,10,1
db -2,9,1,10133,500001,16,2,9,1,14,3,2,31,0,7007404,10,7,2,15
db 10000,0,4,0,7007387,9,0,7000700,14,3,1,31,0,7005156,10,7,1
db 15,10000,0,7,0,7007110,2,0,7007089,9,0,4,9,0,7013479,10014
db 330001,2,10,1,-5,9,1,10014,330001,2,10,1,-4,9,1,10014,330001
db 2,10,1,-3,9,1,10133,500001,16,2,9,1,14,3,6,31,0,7004420,10
db 7,6,9,0,7000700,14,3,1,31,0,7005156,10,7,1,15,10000,0,7,0
db 7007176,2,0,7007155,9,0,7006916,10133,500001,16,2,9,1,14,3
db 2,31,0,7007694,10,7,2,15,10000,0,4,0,7007266,9,0,7000700,14
db 3,1,31,0,7005156,10,7,1,15,10000,0,7,0,7007221,2,0,7007200
db 9,0,5,9,0,7013479,10014,330001,2,10,1,-8,9,1,10014,330001
db 2,10,1,-7,9,1,10014,330001,2,10,1,-6,9,1,10133,500001,16,2
db 9,1,14,3,6,31,0,7004909,10,7,6,10133,500001,16,-6,14,2,10000
db 12,10002,10133,500001,16,-3,10,20001,14,10002,1134,20050,16
db -9,10133,500001,16,-2,14,2,2000,10,10002,9,2,14,3,1,31,0,7013383
db 10,7,1,10133,500001,16,-9,9,1,14,3,1,31,0,7013383,10,7,1,10133
db 500001,16,-4,9,1,14,3,1,31,0,7013383,10,7,1,10133,500001,16
db -7,9,1,14,3,1,31,0,7013383,10,7,1,10133,500001,16,-5,9,1,14
db 3,1,31,0,7013383,10,7,1,10133,500001,16,-8,9,1,14,3,1,31,0
db 7013383,10,7,1,14,1,1,117,40,10133,500001,16,-1,10133,500002
db 16,2,14,10018,14,1,0,117,40,117,40,135,0,5,10133,500001,16
db 2,1134,170050,16,-1,1134,50,16,-2,0,10133,500001,16,-2,14
db 2,166,11,10002,87,20002,19,2,0,15,20000,0,7,0,7007547,10133
db 500001,16,-2,14,2,2,12,10002,1134,20050,16,-3,10133,500001
db 16,-3,10,1,1,14,10002,14,1,7011042,10,20001,1134,10050,16
db -4,10133,500001,16,-4,1134,170050,16,-4,10133,500001,16,-4
db 9,1,10133,500001,16,2,9,1,14,3,2,31,0,7007694,10,7,2,15,10000
db 0,4,0,7007534,10133,500001,16,-3,10,1,7011042,14,10002,10133
db 500001,16,3,14,180017,10133,500001,16,3,1134,170050,16,-5
db 14,1,1,117,40,10133,500001,16,-2,20,1,1134,10050,16,-2,2,0
db 7007420,10133,500001,16,-1,10133,500002,16,2,14,10018,14,1
db 0,117,40,117,40,135,0,4,1134,50,16,-1,0,10133,500001,16,-1
db 14,2,166,11,10002,87,20002,19,2,0,15,20000,0,7,0,7007687,10133
db 500001,16,-1,14,2,2,12,10002,1134,20050,16,-2,10133,500001
db 16,-2,10,1,1,14,10002,14,1,7011042,10,20001,1134,10050,16
db -3,10133,500001,16,-3,1134,170050,16,-3,10133,500001,16,-2
db 10,1,7011042,14,10002,1134,180050,16,-4,10133,500001,16,-4
db 10133,500002,16,2,11,10002,14,20001,86,10001,87,10001,108
db 1,15,10000,0,4,0,7007674,10133,500001,16,-3,117,40,10133,500001
db 16,-1,20,1,1134,10050,16,-1,2,0,7007572,14,1,0,117,40,117
db 40,135,0,2,10133,500001,16,2,1134,170050,16,-1,10133,500001
db 16,3,9,1,14,3,1,31,25,7000025,10,7,1,1134,10050,16,-2,10133
db 500001,16,-2,9,1,10133,500001,16,3,9,1,10133,500001,16,-1
db 9,1,14,3,3,31,0,7010776,10,7,3,14,2,0,11,10002,86,20002,87
db 20002,108,2,15,20000,0,4,0,7007799,10133,500001,16,-2,10133
db 500002,16,-1,10,10002,14,20001,1134,10050,16,-1,10133,500001
db 16,-1,10133,500002,16,2,14,10018,14,1,1,117,40,14,1,0,117
db 40,117,40,0,135,0,-0,9,25,7000041,14,3,1,31,25,7000015,10
db 7,1,14,10025,7007806,9,0,1,9,25,7007806,14,3,2,31,25,7000061
db 10,7,2,117,40,135,0,2,10133,500001,16,2,9,1,14,3,1,31,0,7008419
db 10,7,1,1134,10050,16,-1,1134,250050,16,-2,7000706,10133,500001
db 16,-1,108,1,14,10002,15,20000,0,4,0,7007985,9,0,4,14,3,1,31
db 25,7000015,10,7,1,1134,10050,16,-1,10133,500001,16,-1,10,1
db 0,14,10002,14,250018,7000039,10133,500001,16,2,9,1,14,3,1
db 31,25,7000081,10,7,1,10133,500002,16,-1,10,2,1,14,20003,14
db 10019,10133,500001,16,-2,10133,500002,16,-1,10,2,2,14,20003
db 14,10019,10133,500001,16,-1,10,1,3,14,10002,14,18,0,10133
db 500001,16,-1,9,1,9,25,7007806,14,3,2,31,25,7000063,10,7,2
db 2,0,7008066,10133,500001,16,-1,10,1,2,14,10002,14,1,-1,11
db 180001,86,10001,87,10001,15,10000,0,4,0,7008054,9,0,7008086
db 14,3,1,31,25,7000049,10,7,1,10133,500001,16,2,9,1,14,3,1,31
db 25,7000049,10,7,1,9,0,7008068,14,3,1,31,25,7000049,10,7,1
db 14,3,0,31,25,7000051,10133,500001,16,-1,10,1,2,14,10002,14
db 250018,7000706,117,40,32,97,108,114,101,97,100,121,32,100
db 101,102,105,110,101,100,10,0,115,121,109,98,111,108,32,0,135
db 0,3,10133,500001,16,2,9,1,14,3,1,31,0,7008419,10,7,1,1134
db 10050,16,-1,1134,50,16,-2,0,10133,500001,16,3,14,250002,7000706
db 10,10002,1134,20050,16,-3,10133,500001,16,-1,108,1,14,10002
db 15,20000,0,4,0,7008284,9,0,4,14,3,1,31,25,7000015,10,7,1,1134
db 10050,16,-1,10133,500001,16,-1,10,1,0,14,10002,14,250018,7000039
db 10133,500001,16,2,9,1,14,3,1,31,25,7000081,10,7,1,10133,500002
db 16,-1,10,2,1,14,20003,14,10019,10133,500001,16,-1,10,1,2,14
db 10002,14,18,-1,9,25,7000041,14,3,1,31,25,7000015,10,7,1,1134
db 10050,16,-2,9,0,1,10133,500001,16,-2,9,1,14,3,2,31,25,7000061
db 10,7,2,10133,500001,16,-2,10133,500002,16,-1,10,2,3,14,20003
db 14,10019,10133,500001,16,-1,9,1,9,25,7007806,14,3,2,31,25
db 7000063,10,7,2,2,0,7008378,9,25,7000039,10133,500001,16,-1
db 9,1,14,3,2,31,25,7000021,10,7,2,10133,500001,16,-1,10,1,3
db 14,10002,1134,180050,16,-2,10133,500001,16,-2,108,1,14,10002
db 15,20000,0,4,0,7008378,9,25,7000041,14,3,1,31,25,7000015,10
db 7,1,1134,10050,16,-2,9,0,1,10133,500001,16,-2,9,1,14,3,2,31
db 25,7000061,10,7,2,10133,500001,16,-2,10133,500002,16,-1,10
db 2,3,14,20003,14,10019,9,25,7000045,10133,500001,16,-2,9,1
db 14,3,2,31,25,7000021,10,7,2,10133,500001,16,-3,9,1,10133,500001
db 16,-2,9,1,14,3,2,31,25,7000063,10,7,2,117,40,135,0,4,1134
db 50,16,-1,0,9,25,7007806,14,3,1,31,25,7000029,10,7,1,1134,10050
db 16,-2,1134,50,16,-1,0,10133,500001,16,-1,10133,500002,16,-2
db 11,10002,14,20001,87,10001,19,1,0,15,10000,0,7,0,7008584,10133
db 500001,16,-1,9,1,9,0,0,9,25,7007806,14,3,3,31,25,7000037,10
db 7,3,1134,10050,16,-3,9,25,7000039,10133,500001,16,-3,9,1,14
db 3,2,31,25,7000021,10,7,2,10133,500001,16,-3,10,1,1,14,10002
db 1134,180050,16,-4,10133,500001,16,-4,9,1,10133,500001,16,2
db 9,1,14,3,2,31,25,7000083,10,7,2,14,2,0,11,10002,86,20002,87
db 20002,108,2,15,20000,0,4,0,7008571,10133,500001,16,-3,117
db 40,10133,500001,16,-1,20,1,1134,10050,16,-1,2,0,7008448,14
db 1,0,117,40,117,40,135,0,6,9,25,7000039,10133,500001,16,2,9
db 1,14,3,2,31,25,7000021,10,7,2,10133,500001,16,2,10,1,1,14
db 10002,1134,180050,16,-1,10133,500001,16,2,10,1,2,14,10002
db 1134,180050,16,-2,10133,500001,16,2,10,1,3,14,10002,1134,180050
db 16,-3,10133,500001,16,-1,9,1,9,0,7008894,14,3,2,31,25,7000047
db 10,7,2,10133,500001,16,-2,14,2,-1,11,10002,86,20002,87,20002
db 15,20000,0,4,0,7008709,10133,500001,16,-2,9,1,9,0,7008907
db 14,3,2,31,25,7000047,10,7,2,2,0,7008721,9,0,7008877,14,3,1
db 31,25,7000047,10,7,1,10133,500001,16,-3,15,10000,0,4,0,7008863
db 10133,500001,16,-3,9,1,14,3,1,31,25,7000029,10,7,1,1134,10050
db 16,-4,10133,500001,16,-4,9,1,9,0,7008931,14,3,2,31,25,7000047
db 10,7,2,1134,50,16,-5,0,1134,50,16,-5,0,10133,500001,16,-5
db 10133,500002,16,-4,11,10002,14,20001,87,10001,19,1,0,15,10000
db 0,7,0,7008860,10133,500001,16,-5,9,1,9,0,0,10133,500001,16
db -3,9,1,14,3,3,31,25,7000037,10,7,3,1134,10050,16,-6,10133
db 500001,16,-6,9,1,9,0,7008886,14,3,2,31,25,7000047,10,7,2,10133
db 500001,16,-5,20,1,1134,10050,16,-5,2,0,7008778,2,0,7008875
db 9,0,7008921,14,3,1,31,25,7000047,10,7,1,117,40,32,110,111
db 32,100,101,102,10,0,32,32,64,32,37,100,10,0,115,121,109,98
db 111,108,32,91,37,115,93,10,0,32,100,101,102,105,110,101,100
db 58,32,37,100,10,0,32,110,111,32,114,101,102,115,10,0,32,37
db 100,32,114,101,102,115,58,10,0,135,0,3,1134,50,16,-1,0,10133
db 500001,16,2,9,1,14,3,1,31,25,7000029,10,7,1,1134,10050,16
db -2,1134,50,16,-1,0,10133,500001,16,-1,10133,500002,16,-2,11
db 10002,14,20001,87,10001,19,1,0,15,10000,0,7,0,7009053,10133
db 500001,16,-1,9,1,9,0,0,10133,500001,16,2,9,1,14,3,3,31,25
db 7000037,10,7,3,1134,10050,16,-3,10133,500001,16,-3,9,1,14
db 3,1,31,0,7008591,10,7,1,10133,500001,16,-1,20,1,1134,10050
db 16,-1,2,0,7008974,117,40,135,0,8,1134,50,16,-1,0,1134,50,16
db -2,0,1134,50,16,-3,0,1134,50,16,-4,0,1134,50,16,-5,0,1134
db 50,16,-6,0,1134,50,16,-7,10,10133,500001,16,-2,10133,500002
db 16,2,10,10002,14,20001,1134,170050,16,-8,10133,500001,16,-8
db 14,2,0,11,10002,86,20002,87,20002,108,2,15,20000,0,4,0,7009136
db 2,0,7010665,2,0,7009344,10133,500001,16,-8,14,2,45,11,10002
db 86,20002,87,20002,108,2,15,20000,0,4,0,7009173,1134,50,16
db -4,1,10133,500001,16,-2,10,1,1,1134,10050,16,-2,10133,500001
db 16,-8,14,2,48,11,10002,86,20002,87,20002,108,2,15,20000,0
db 4,0,7009344,10133,500001,16,-2,10,1,1,14,10002,10133,500001
db 16,2,10,20001,14,10002,14,1,98,11,180001,86,10001,87,10001
db 108,1,15,10000,0,4,0,7009244,1134,50,16,-7,2,10133,500001
db 16,-2,10,1,2,1134,10050,16,-2,10133,500001,16,-2,10,1,1,14
db 10002,10133,500001,16,2,10,20001,14,10002,14,1,111,11,180001
db 86,10001,87,10001,108,1,15,10000,0,4,0,7009294,1134,50,16
db -7,8,10133,500001,16,-2,10,1,2,1134,10050,16,-2,10133,500001
db 16,-2,10,1,1,14,10002,10133,500001,16,2,10,20001,14,10002
db 14,1,120,11,180001,86,10001,87,10001,108,1,15,10000,0,4,0
db 7009344,1134,50,16,-7,16,10133,500001,16,-2,10,1,2,1134,10050
db 16,-2,10133,500001,16,-1,108,1,14,10002,15,20000,0,7,0,7009991
db 10133,500001,16,-2,14,10002,20,1,1134,10050,16,-2,10133,500001
db 16,2,10,20001,14,10002,1134,180050,16,-8,10133,500001,16,-8
db 14,2,0,11,10002,86,20002,87,20002,108,2,15,20000,0,4,0,7009411
db 1134,50,16,-1,1,2,0,7009988,10133,500001,16,-8,14,2,46,11
db 10002,86,20002,87,20002,108,2,15,20000,0,4,0,7009445,1134
db 50,16,-1,1,1134,50,16,-5,1,2,0,7009988,1134,50,16,-6,-1,10133
db 500001,16,-8,14,2,48,11,10002,86,20002,87,20002,108,2,15,20000
db 0,4,0,7009476,1134,50,16,-6,0,10133,500001,16,-8,14,2,49,11
db 10002,86,20002,87,20002,108,2,15,20000,0,4,0,7009502,1134
db 50,16,-6,1,10133,500001,16,-7,14,2,2,11,10002,22,2,87,20002
db 19,2,0,15,20000,0,4,0,7009932,10133,500001,16,-8,14,2,50,11
db 10002,86,20002,87,20002,108,2,15,20000,0,4,0,7009550,1134
db 50,16,-6,2,10133,500001,16,-8,14,2,51,11,10002,86,20002,87
db 20002,108,2,15,20000,0,4,0,7009576,1134,50,16,-6,3,10133,500001
db 16,-8,14,2,52,11,10002,86,20002,87,20002,108,2,15,20000,0
db 4,0,7009602,1134,50,16,-6,4,10133,500001,16,-8,14,2,53,11
db 10002,86,20002,87,20002,108,2,15,20000,0,4,0,7009628,1134
db 50,16,-6,5,10133,500001,16,-8,14,2,54,11,10002,86,20002,87
db 20002,108,2,15,20000,0,4,0,7009654,1134,50,16,-6,6,10133,500001
db 16,-8,14,2,55,11,10002,86,20002,87,20002,108,2,15,20000,0
db 4,0,7009680,1134,50,16,-6,7,10133,500001,16,-7,14,2,8,11,10002
db 22,2,87,20002,19,2,0,15,20000,0,4,0,7009932,10133,500001,16
db -8,14,2,56,11,10002,86,20002,87,20002,108,2,15,20000,0,4,0
db 7009728,1134,50,16,-6,8,10133,500001,16,-8,14,2,57,11,10002
db 86,20002,87,20002,108,2,15,20000,0,4,0,7009754,1134,50,16
db -6,9,10133,500001,16,-7,14,2,10,11,10002,22,2,87,20002,19
db 2,0,15,20000,0,4,0,7009932,10133,500001,16,-8,14,2,65,11,10002
db 86,20002,87,20002,108,2,15,20000,0,4,0,7009802,1134,50,16
db -6,10,10133,500001,16,-8,14,2,66,11,10002,86,20002,87,20002
db 108,2,15,20000,0,4,0,7009828,1134,50,16,-6,11,10133,500001
db 16,-8,14,2,67,11,10002,86,20002,87,20002,108,2,15,20000,0
db 4,0,7009854,1134,50,16,-6,12,10133,500001,16,-8,14,2,68,11
db 10002,86,20002,87,20002,108,2,15,20000,0,4,0,7009880,1134
db 50,16,-6,13,10133,500001,16,-8,14,2,69,11,10002,86,20002,87
db 20002,108,2,15,20000,0,4,0,7009906,1134,50,16,-6,14,10133
db 500001,16,-8,14,2,70,11,10002,86,20002,87,20002,108,2,15,20000
db 0,4,0,7009932,1134,50,16,-6,15,10133,500001,16,-6,14,2,-1
db 11,10002,86,20002,87,20002,108,2,15,20000,0,4,0,7009966,1134
db 50,16,-1,1,1134,50,16,-5,0,2,0,7009988,10133,500001,16,-6
db 10133,500002,16,-7,10133,500003,16,-3,12,20003,14,30002,10
db 10002,1134,20050,16,-3,2,0,7009344,10133,500001,16,-5,14,2
db 1,11,10002,86,20002,87,20002,108,2,15,20000,0,4,0,7010606
db 1134,50,16,-1,0,10133,500001,16,-1,108,1,14,10002,15,20000
db 0,7,0,7010606,10133,500001,16,-2,14,10002,20,1,1134,10050
db 16,-2,10133,500001,16,2,10,20001,14,10002,1134,180050,16,-8
db 10133,500001,16,-8,14,2,0,11,10002,86,20002,87,20002,108,2
db 15,20000,0,4,0,7010084,1134,50,16,-1,1,2,0,7010603,1134,50
db 16,-6,0,10133,500001,16,-8,14,2,48,11,10002,86,20002,87,20002
db 108,2,15,20000,0,4,0,7010115,1134,50,16,-6,0,10133,500001
db 16,-8,14,2,49,11,10002,86,20002,87,20002,108,2,15,20000,0
db 4,0,7010141,1134,50,16,-6,1,10133,500001,16,-7,14,2,2,11,10002
db 22,2,87,20002,19,2,0,15,20000,0,4,0,7010571,10133,500001,16
db -8,14,2,50,11,10002,86,20002,87,20002,108,2,15,20000,0,4,0
db 7010189,1134,50,16,-6,2,10133,500001,16,-8,14,2,51,11,10002
db 86,20002,87,20002,108,2,15,20000,0,4,0,7010215,1134,50,16
db -6,3,10133,500001,16,-8,14,2,52,11,10002,86,20002,87,20002
db 108,2,15,20000,0,4,0,7010241,1134,50,16,-6,4,10133,500001
db 16,-8,14,2,53,11,10002,86,20002,87,20002,108,2,15,20000,0
db 4,0,7010267,1134,50,16,-6,5,10133,500001,16,-8,14,2,54,11
db 10002,86,20002,87,20002,108,2,15,20000,0,4,0,7010293,1134
db 50,16,-6,6,10133,500001,16,-8,14,2,55,11,10002,86,20002,87
db 20002,108,2,15,20000,0,4,0,7010319,1134,50,16,-6,7,10133,500001
db 16,-7,14,2,8,11,10002,22,2,87,20002,19,2,0,15,20000,0,4,0
db 7010571,10133,500001,16,-8,14,2,56,11,10002,86,20002,87,20002
db 108,2,15,20000,0,4,0,7010367,1134,50,16,-6,8,10133,500001
db 16,-8,14,2,57,11,10002,86,20002,87,20002,108,2,15,20000,0
db 4,0,7010393,1134,50,16,-6,9,10133,500001,16,-7,14,2,10,11
db 10002,22,2,87,20002,19,2,0,15,20000,0,4,0,7010571,10133,500001
db 16,-8,14,2,65,11,10002,86,20002,87,20002,108,2,15,20000,0
db 4,0,7010441,1134,50,16,-6,10,10133,500001,16,-8,14,2,66,11
db 10002,86,20002,87,20002,108,2,15,20000,0,4,0,7010467,1134
db 50,16,-6,11,10133,500001,16,-8,14,2,67,11,10002,86,20002,87
db 20002,108,2,15,20000,0,4,0,7010493,1134,50,16,-6,12,10133
db 500001,16,-8,14,2,68,11,10002,86,20002,87,20002,108,2,15,20000
db 0,4,0,7010519,1134,50,16,-6,13,10133,500001,16,-8,14,2,69
db 11,10002,86,20002,87,20002,108,2,15,20000,0,4,0,7010545,1134
db 50,16,-6,14,10133,500001,16,-8,14,2,70,11,10002,86,20002,87
db 20002,108,2,15,20000,0,4,0,7010571,1134,50,16,-6,15,10133
db 500001,16,-6,10133,500002,16,-7,10133,500003,16,-3,12,20003
db 14,30002,10,10002,1134,20050,16,-3,10133,500001,16,-5,20,1
db 1134,10050,16,-5,2,0,7010017,10133,500001,16,-5,15,10000,0
db 4,0,7010643,10133,500001,16,-5,10,1,-1,14,10002,10133,500001
db 16,-7,80,20001,14,10002,10133,500001,16,-3,13,20001,1134,10050
db 16,-3,10133,500001,16,-4,15,10000,0,4,0,7010665,10133,500001
db 16,-3,22,1,14,10002,1134,20050,16,-3,10133,500001,16,-2,10
db 1,-1,14,10002,10133,500001,16,3,14,20017,10133,500001,16,-3
db 117,40,117,40,135,0,-0,10133,500001,16,2,9,1,14,3,1,31,25
db 7000085,10,7,1,15,10000,0,4,0,7010717,14,1,1,117,40,10133
db 500001,16,2,9,1,14,3,1,31,25,7000055,10,7,1,15,10000,0,4,0
db 7010743,14,1,1,117,40,10133,500001,16,2,14,2,95,11,10002,86
db 20002,87,20002,108,2,15,20000,0,4,0,7010769,14,1,1,117,40
db 14,1,0,117,40,117,40,135,0,5,10133,500001,16,2,1134,10050
db 16,-1,10133,500001,16,3,1134,10050,16,-2,10133,500001,16,4
db 14,2,0,11,10002,22,2,87,20002,19,2,0,15,20000,0,7,0,7010945
db 10133,500001,16,-1,14,10002,20,1,1134,10050,16,-1,1134,180050
db 16,-3,10133,500001,16,-2,14,10002,20,1,1134,10050,16,-2,1134
db 180050,16,-4,10133,500001,16,-3,9,1,14,3,1,31,25,7000087,10
db 7,1,1134,10050,16,-3,10133,500001,16,-4,9,1,14,3,1,31,25,7000087
db 10,7,1,1134,10050,16,-4,10133,500001,16,-4,22,1,14,10002,10133
db 500001,16,-3,10,20001,14,10002,1134,20050,16,-5,10133,500001
db 16,-5,14,2,0,11,10002,86,20002,87,20002,15,20000,0,4,0,7010932
db 10133,500001,16,-5,117,40,10133,500001,16,4,21,1,1134,10050
db 16,4,2,0,7010795,14,1,0,117,40,117,40,7011018,7011021,7011024
db 7011027,7011030,7011033,7011036,7011039,7010986,7010990,7010994
db 7010998,7011002,7011006,7011010,7011014,0,7010986,7010990
db 7010994,7010998,7011002,7011006,7011010,7011014,7011018,7011021
db 7011024,7011027,7011030,7011033,7011036,7011039,0,69,65,88
db 0,69,66,88,0,69,67,88,0,69,68,88,0,69,83,73,0,69,68,73,0,69
db 83,80,0,69,66,80,0,67,83,0,83,83,0,68,83,0,69,83,0,71,83,0
db 70,83,0,75,83,0,76,83,0,0,7011378,1,7011383,1,7011387,2,7011391
db 3,7011395,3,7011398,4,7011403,4,7011407,5,7011411,5,7011414
db 6,7011419,6,7011423,7,7011427,7,7011430,8,7011433,9,7011439
db 10,7011444,11,7011448,12,7011452,13,7011456,14,7011460,15
db 7011464,18,7011468,19,7011472,20,7011476,21,7011480,22,7011484
db 23,7011488,24,7011493,25,7011498,26,7011504,27,7011510,28
db 7011516,29,7011520,30,7011524,31,7011528,32,7011533,33,7011538
db 34,7011543,35,7011548,36,7011554,38,7011559,39,7011564,40
db 7011569,41,7011573,42,7011578,43,7011582,47,7011586,48,7011591
db 49,7011596,50,7011601,51,7011605,52,7011608,53,7011612,54
db 7011617,55,7011622,56,7011627,57,7011633,58,7011639,59,7011645
db 60,7011649,61,7011653,62,7011658,63,7011663,64,7011668,65
db 7011673,66,7011677,67,7011682,68,7011687,69,7011692,70,7011697
db 71,7011704,73,7011708,73,7011711,74,7011716,74,7011720,75
db 7011724,75,7011727,76,7011732,76,7011736,77,7011740,77,7011743
db 78,7011746,79,7011752,80,7011758,81,7011763,82,7011768,83
db 7011772,84,7011779,85,7011782,86,7011786,87,7011791,88,7011796
db 89,7011801,90,7011807,91,7011811,92,7011814,93,7011818,94
db 7011822,95,7011828,96,7011833,97,7011838,98,7011843,99,7011849
db 101,7011855,101,7011860,102,7011865,103,7011870,103,7011874
db 104,7011880,104,7011885,105,7011890,105,7011894,106,7011900
db 106,7011905,107,7011910,107,7011914,108,7011918,110,7011923
db 111,7011930,112,7011935,114,7011939,115,7011945,116,7011950
db 117,7011955,118,7011961,119,7011965,120,7011969,121,7011976
db 122,7011983,123,7011987,124,7011991,125,7011995,126,7011999
db 127,7012003,128,7012009,129,7012016,130,7012022,131,7012029
db 132,7012034,133,7012039,134,7012046,135,7012053,250,7012059
db 251,7012064,252,7012069,253,7012074,254,7012079,255,7012086
db 256,7012091,257,7012097,259,7012108,260,7012115,261,7012120
db 262,7012125,263,7012130,264,7012138,265,7012145,266,7012158
db 267,7012169,268,7012177,269,7012182,270,7012187,273,7012194
db 295,7012200,296,7012205,0,0,0,0,115,116,111,112,0,106,110
db 101,0,106,110,122,0,106,109,112,0,106,103,0,106,110,108,101
db 0,106,103,101,0,106,110,108,0,106,108,0,106,110,103,101,0
db 106,108,101,0,106,110,103,0,106,101,0,106,122,0,99,112,117
db 105,100,0,112,117,115,104,0,97,100,100,0,115,117,98,0,109
db 117,108,0,100,105,118,0,109,111,118,0,99,109,112,0,109,105
db 110,0,109,97,120,0,105,110,99,0,100,101,99,0,110,101,103,0
db 114,97,110,100,0,108,111,111,112,0,108,111,111,112,97,0,108
db 111,111,112,98,0,108,111,111,112,100,0,115,112,103,0,99,112
db 103,0,112,111,112,0,99,97,108,108,0,98,110,111,116,0,102,105
db 110,116,0,102,114,110,100,0,102,102,114,97,99,0,102,105,110
db 118,0,102,115,104,108,0,102,115,104,114,0,114,101,116,0,105
db 114,101,116,0,115,116,105,0,99,108,105,0,114,101,116,102,0
db 115,116,101,102,0,99,108,101,102,0,97,110,100,0,111,114,0
db 120,111,114,0,102,115,105,110,0,102,99,111,115,0,102,116,97
db 110,0,102,97,115,105,110,0,102,97,99,111,115,0,102,97,116
db 97,110,0,109,111,100,0,98,105,116,0,115,98,105,116,0,99,98
db 105,116,0,116,98,105,116,0,98,97,110,100,0,98,111,114,0,98
db 120,111,114,0,98,115,104,108,0,98,115,104,114,0,106,109,112
db 102,0,101,120,116,105,110,116,0,99,110,101,0,99,103,0,99,110
db 108,101,0,99,103,101,0,99,110,108,0,99,108,0,99,110,103,101
db 0,99,108,101,0,99,110,103,0,99,101,0,99,122,0,109,99,111,112
db 121,0,109,120,99,104,103,0,102,112,119,114,0,120,99,104,103
db 0,102,108,110,0,102,108,111,103,49,48,0,105,110,0,111,117
db 116,0,102,97,98,115,0,102,115,103,110,0,102,101,120,112,0
db 99,97,108,108,102,0,102,112,105,0,102,101,0,105,110,116,0
db 116,112,103,0,102,99,101,105,108,0,101,114,112,103,0,119,114
db 112,103,0,114,100,112,103,0,116,105,109,101,114,0,108,105
db 100,116,114,0,106,110,101,114,0,106,110,122,114,0,106,109
db 112,114,0,106,103,114,0,106,110,108,101,114,0,106,103,101
db 114,0,106,110,108,114,0,106,108,114,0,106,110,103,101,114
db 0,106,108,101,114,0,106,110,103,114,0,106,101,114,0,106,122
db 114,0,108,110,101,103,0,101,120,116,114,101,116,0,105,100
db 108,101,0,110,111,112,0,112,117,115,104,97,0,112,111,112,97
db 0,115,116,100,50,0,108,101,97,118,101,0,115,116,109,0,99,108
db 109,0,99,112,117,103,101,116,0,99,112,117,115,101,116,0,115
db 112,112,0,99,112,112,0,115,114,108,0,103,114,108,0,108,101
db 97,0,98,108,111,99,107,0,99,109,112,97,110,100,0,99,109,112
db 111,114,0,109,115,104,105,102,116,0,115,109,97,112,0,103,109
db 97,112,0,114,115,116,97,99,107,0,115,115,116,97,99,107,0,101
db 110,116,101,114,0,118,97,100,100,0,118,115,117,98,0,118,109
db 117,108,0,118,100,111,116,0,118,99,114,111,115,115,0,118,109
db 111,118,0,118,110,111,114,109,0,118,99,111,108,111,114,110
db 111,114,109,0,108,111,111,112,120,121,0,109,97,100,100,0,109
db 115,117,98,0,109,109,117,108,0,109,114,111,116,97,116,101
db 0,109,115,99,97,108,101,0,109,112,101,114,115,112,101,99,116
db 105,118,101,0,109,116,114,97,110,115,108,97,116,101,0,109
db 108,111,111,107,97,116,0,109,109,111,118,0,118,108,101,110
db 0,109,105,100,101,110,116,0,118,109,111,100,101,0,118,100
db 105,118,0,118,116,114,97,110,115,102,111,114,109,0,135,0,6
db 9,0,7012978,10133,500001,16,2,9,1,14,3,2,31,25,7000089,10
db 7,2,14,10025,7000702,14,250001,7000702,108,1,15,10000,0,4
db 0,7012265,9,0,7013006,14,3,1,31,25,7000049,10,7,1,117,40,9
db 0,7012980,10133,500001,16,3,9,1,14,3,2,31,25,7000089,10,7
db 2,14,10025,7000703,14,250001,7000703,108,1,15,10000,0,4,0
db 7012311,9,0,7013029,14,3,1,31,25,7000049,10,7,1,117,40,14
db 3,0,31,0,7013344,14,3,0,31,0,7007807,14,25,7000704,0,1134
db 50,16,-1,0,1134,50,16,-2,0,1134,50,16,-3,9999,9,0,80,9,0,7000540
db 9,25,7000702,14,3,3,31,25,7000091,10,7,3,14,10025,7000700
db 14,250025,7000701,7000700,1134,50,16,-1,0,10133,500001,16
db -1,10133,500002,16,-2,11,10002,14,20001,87,10001,19,1,0,15
db 10000,0,7,0,7012433,9,0,80,9,0,7000540,9,25,7000702,14,3,3
db 31,25,7000091,10,7,3,14,10025,7000700,14,250025,7000701,7000700
db 10133,500001,16,-1,20,1,1134,10050,16,-1,2,0,7012372,15,250000
db 0,7000700,7,0,7012770,9,0,7012933,10133,500001,16,-1,9,1,9
db 0,7012912,14,3,3,31,25,7000093,10,7,3,9,25,7000700,14,3,1
db 31,25,7000059,10,7,1,9,0,7012909,14,3,1,31,25,7000059,10,7
db 1,1134,250050,16,-4,7000700,9,0,7000700,14,3,1,31,0,7005156
db 10,7,1,15,10000,0,7,0,7012511,2,0,7012490,9,0,7006235,9,25
db 7000700,14,3,2,31,25,7000083,10,7,2,14,2,0,11,10002,86,20002
db 87,20002,108,2,15,20000,0,4,0,7012546,2,0,7012705,9,0,7000700
db 14,3,1,31,0,7005256,10,7,1,9,0,7000700,14,3,1,31,0,7007026
db 10,7,1,9,0,7000700,14,3,1,31,0,7006236,10,7,1,9,0,7000700
db 14,3,1,31,0,7006918,10,7,1,9,0,7000700,14,3,1,31,0,7005349
db 10,7,1,9,0,7012982,9,0,7000700,14,3,2,31,0,7007694,10,7,2
db 15,250000,0,7000704,4,0,7012633,14,1,1,117,40,10133,500001
db 16,-4,11,250001,7000700,14,10002,86,20002,87,20002,108,2,15
db 20000,0,4,0,7012660,2,0,7012663,2,0,7012663,2,0,7012485,9
db 0,7012984,14,3,1,31,25,7000049,10,7,1,9,25,7000700,14,3,1
db 31,25,7000049,10,7,1,9,0,7012909,14,3,1,31,25,7000049,10,7
db 1,14,3,0,31,25,7000051,10133,500001,16,-1,20,1,1134,10050
db 16,-1,10133,500001,16,-1,10133,500002,16,-3,11,10002,14,20001
db 22,1,87,10001,19,1,0,15,10000,0,4,0,7012742,117,40,9,0,80
db 9,0,7000540,9,25,7000702,14,3,3,31,25,7000091,10,7,3,14,10025
db 7000700,14,250025,7000701,7000700,2,0,7012433,9,0,7012952
db 14,3,1,31,25,7000047,10,7,1,9,0,7012937,14,3,1,31,25,7000047
db 10,7,1,9,25,7007806,14,3,1,31,0,7008942,10,7,1,9,0,7012952
db 14,3,1,31,25,7000047,10,7,1,9,25,7000703,14,3,1,31,0,7015153
db 10,7,1,9,0,7012952,14,3,1,31,25,7000047,10,7,1,9,0,7012918
db 14,3,1,31,25,7000047,10,7,1,9,25,7000705,14,3,1,31,25,7000031
db 10,7,1,1134,10050,16,-5,9,25,7000705,14,3,1,31,25,7000029
db 10,7,1,1134,10050,16,-6,10133,500001,16,-6,9,1,10133,500001
db 16,-5,9,1,14,3,2,31,0,7013053,10,7,2,117,40,93,10,0,108,105
db 110,101,32,0,99,111,100,101,32,108,105,115,116,105,110,103
db 58,10,0,58,32,91,0,115,121,109,98,111,108,32,116,97,98,108
db 101,58,10,0,10,45,45,45,45,45,45,45,45,45,45,45,45,45,45,45
db 45,45,45,45,45,45,45,45,10,0,114,0,119,0,59,0,99,97,110,39
db 116,32,112,97,114,115,101,32,115,116,114,105,110,103,58,32
db 91,0,99,97,110,39,116,32,111,112,101,110,32,105,110,112,117
db 116,32,102,105,108,101,10,0,99,97,110,39,116,32,111,112,101
db 110,32,111,117,116,112,117,116,32,102,105,108,101,10,0,135
db 0,5,1134,50,16,-1,0,1134,50,16,-2,0,1134,50,16,-1,0,10133
db 500001,16,-1,10133,500002,16,3,11,10002,14,20001,87,10001
db 19,1,0,15,10000,0,7,0,7013315,10133,500001,16,-1,10133,500002
db 16,2,10,10002,14,20001,1134,170050,16,-3,10133,500001,16,-2
db 14,2,0,11,10002,86,20002,87,20002,108,2,15,20000,0,4,0,7013233
db 10133,500001,16,-1,9,1,9,0,7013329,14,3,2,31,25,7000047,10
db 7,2,10133,500001,16,-3,10,1,-2000,14,10002,1134,20050,16,-4
db 10133,500001,16,-4,9,1,14,3,1,31,0,7007564,10,7,1,1134,10050
db 16,-5,10133,500001,16,-5,15,10000,0,4,0,7013212,10133,500001
db 16,-5,9,1,9,0,7013334,14,3,2,31,25,7000047,10,7,2,2,0,7013230
db 10133,500001,16,-3,9,1,9,0,7013340,14,3,2,31,25,7000047,10
db 7,2,2,0,7013251,10133,500001,16,-3,9,1,9,0,7013340,14,3,2
db 31,25,7000047,10,7,2,10133,500001,16,-2,14,2,5,11,10002,86
db 20002,87,20002,108,2,15,20000,0,4,0,7013292,9,0,7013338,14
db 3,1,31,25,7000047,10,7,1,1134,50,16,-2,0,2,0,7013302,10133
db 500001,16,-2,20,1,1134,10050,16,-2,10133,500001,16,-1,20,1
db 1134,10050,16,-1,2,0,7013071,9,0,7013338,14,3,1,31,25,7000047
db 10,7,1,117,40,37,100,58,32,0,37,115,32,0,10,0,37,100,32,0
db 135,0,-0,9,25,7000041,14,3,1,31,25,7000015,10,7,1,14,10025
db 7000705,9,0,1,9,25,7000705,14,3,2,31,25,7000061,10,7,2,14
db 25,7000706,0,117,40,135,0,-0,10133,500001,16,2,9,1,9,25,7000705
db 14,3,2,31,25,7000063,10,7,2,9,25,7000705,14,3,1,31,25,7000029
db 10,7,1,14,10025,7000706,117,40,135,0,1,1134,50,16,-1,0,10133
db 500001,16,-1,10133,500002,16,2,11,10002,14,20001,87,10001
db 19,1,0,15,10000,0,7,0,7013477,9,0,0,14,3,1,31,0,7013383,10
db 7,1,10133,500001,16,-1,20,1,1134,10050,16,-1,2,0,7013429,117
db 40,135,0,-0,9,0,7013524,14,3,1,31,25,7000059,10,7,1,9,25,7003857
db 14,3,1,31,25,7000059,10,7,1,9,0,7012909,14,3,1,31,25,7000059
db 10,7,1,14,25,7000704,1,117,40,101,120,112,101,99,116,101,100
db 32,91,0,135,0,1,14,250001,7000700,10,1,-7000540,1134,10050
db 16,-1,9,0,7013338,10133,500001,16,-1,9,1,9,0,7013643,14,3
db 3,31,25,7000093,10,7,3,9,0,7000540,14,3,1,31,25,7000059,10
db 7,1,9,0,7013338,14,3,1,31,25,7000059,10,7,1,10133,500001,16
db -1,14,10002,21,1,1134,10050,16,-1,15,20000,0,7,0,7013626,9
db 0,7013650,14,3,1,31,25,7000059,10,7,1,2,0,7013593,9,0,7013640
db 14,3,1,31,25,7000059,10,7,1,117,40,94,10,0,108,101,110,32
db 61,32,0,32,0,135,0,1,9,25,7000095,14,3,1,31,25,7000025,10
db 7,1,1134,10050,16,-1,10133,500001,16,-1,14,2,3,11,10002,86
db 20002,87,20002,15,20000,0,4,0,7013704,9,0,7013802,14,3,1,31
db 25,7000059,10,7,1,117,40,9,0,90,9,0,7013828,14,3,2,31,25,7000097
db 10,7,2,9,0,90,14,1,1,10,250001,7000095,9,17,14,3,2,31,25,7000097
db 10,7,2,9,0,90,9,0,7013338,14,3,2,31,25,7000097,10,7,2,14,1
db 2,10,250001,7000095,9,17,14,1,1,10,250001,7000095,9,17,14
db 3,2,31,0,7012216,10,7,2,9,0,90,9,0,7013796,14,3,2,31,25,7000097
db 10,7,2,117,40,68,111,110,101,10,0,85,115,97,103,101,58,32
db 97,115,109,32,105,110,46,97,115,109,32,111,117,116,46,101
db 120,101,0,65,115,115,101,109,98,108,105,110,103,32,0,34,97
db 115,109,32,60,105,110,112,117,116,32,102,105,108,101,62,32
db 60,111,117,116,112,117,116,32,102,105,108,101,62,34,32,116
db 111,32,99,111,109,112,105,108,101,32,97,115,115,101,109,98
db 108,121,32,102,114,111,109,32,105,110,112,117,116,32,105,110
db 116,111,32,109,97,99,104,105,110,101,32,99,111,100,101,32
db 97,116,32,111,117,116,112,117,116,46,10,0,135,0,24,9,25,7000095
db 14,3,1,31,25,7000025,10,7,1,1134,10050,16,-1,10133,500001
db 16,-1,21,1,1134,10050,16,-1,10133,500001,16,-1,15,10000,0
db 4,0,7014882,14,250001,7000095,10,1,1,1134,10050,16,-2,10133
db 500001,16,-2,1134,170050,16,-3,1134,50,16,-4,0,1134,50,16
db -5,0,9,0,7014896,10133,500001,16,-3,9,1,14,3,2,31,25,7000083
db 10,7,2,14,2,0,11,10002,86,20002,87,20002,108,2,15,20000,0
db 4,0,7014061,1134,50,16,-4,1,10133,500001,16,-1,21,1,1134,10050
db 16,-1,10133,500001,16,-2,20,1,1134,10050,16,-2,9,0,7014954
db 10133,500001,16,-3,9,1,14,3,2,31,25,7000083,10,7,2,14,2,0
db 11,10002,86,20002,87,20002,108,2,15,20000,0,4,0,7014121,1134
db 50,16,-5,1,10133,500001,16,-1,21,1,1134,10050,16,-1,10133
db 500001,16,-2,20,1,1134,10050,16,-2,1134,50,16,-6,0,10133,500001
db 16,-1,14,10002,21,1,1134,10050,16,-1,15,20000,0,4,0,7014166
db 10133,500001,16,-2,9,17,14,3,1,31,25,7000099,10,7,1,1134,10050
db 16,-6,2,0,7014171,14,1,0,117,40,10133,500001,16,-6,14,2,0
db 11,10002,86,20002,87,20002,108,2,15,20000,0,4,0,7014249,10133
db 500001,16,-2,9,17,14,3,1,31,25,7000101,10,7,1,1134,10050,16
db -6,10133,500001,16,-6,14,2,0,11,10002,86,20002,87,20002,108
db 2,15,20000,0,4,0,7014249,9,0,7014957,14,3,1,31,25,7000047
db 10,7,1,14,1,0,117,40,10133,500001,16,-2,20,1,1134,10050,16
db -2,1134,50,16,-7,0,10133,500001,16,-1,14,10002,21,1,1134,10050
db 16,-1,15,20000,0,4,0,7014340,10133,500001,16,-2,14,10002,20
db 1,1134,10050,16,-2,9,18,14,3,1,31,25,7000099,10,7,1,1134,10050
db 16,-7,10133,500001,16,-7,108,1,14,10002,15,20000,0,4,0,7014340
db 9,0,7014909,14,3,1,31,25,7000047,10,7,1,14,1,0,117,40,1134
db 50,16,-14,0,15,0,0,1,7,0,7014879,9,0,6,10133,500001,16,-6
db 9,1,10014,330001,2,10,1,-13,9,1,14,3,3,31,25,7000035,10,7
db 3,10133,500001,16,-13,1134,10050,16,-15,10133,500001,16,-15
db 10,1,-2000,14,10002,1134,20050,16,-16,10133,500001,16,-15
db 9,1,14,3,1,31,0,7007564,10,7,1,1134,10050,16,-17,10133,500001
db 16,-17,108,1,14,10002,15,20000,0,4,0,7014451,10133,500001
db 16,-16,9,1,14,3,1,31,0,7007564,10,7,1,1134,10050,16,-17,10133
db 500001,16,-12,1134,10050,16,-18,10133,500001,16,-11,1134,10050
db 16,-19,10133,500001,16,-10,1134,10050,16,-20,10133,500001
db 16,-9,1134,10050,16,-21,10133,500001,16,-8,1134,10050,16,-22
db 10133,500001,16,-6,9,1,9,0,7013329,14,3,2,31,25,7000047,10
db 7,2,10133,500001,16,-17,15,10000,0,4,0,7014540,10133,500001
db 16,-17,9,1,9,0,7013334,14,3,2,31,25,7000047,10,7,2,2,0,7014558
db 10133,500001,16,-15,9,1,9,0,7013340,14,3,2,31,25,7000047,10
db 7,2,10133,500001,16,-4,108,1,14,10002,15,20000,0,4,0,7014602
db 10133,500001,16,-20,9,1,10133,500001,16,-19,9,1,10133,500001
db 16,-18,9,1,9,0,7014899,14,3,4,31,25,7000047,10,7,4,1134,50
db 16,-23,0,1134,50,16,-24,0,10133,500001,16,-5,108,1,14,10002
db 15,20000,0,4,0,7014664,10133,500001,16,-21,9,1,14,3,1,31,25
db 7000103,10,7,1,1134,10050,16,-23,10133,500001,16,-22,9,1,14
db 3,1,31,25,7000103,10,7,1,1134,10050,16,-24,10133,500001,16
db -23,15,10000,0,4,0,7014695,10133,500001,16,-23,9,1,9,0,7013334
db 14,3,2,31,25,7000047,10,7,2,2,0,7014713,10133,500001,16,-21
db 9,1,9,0,7013340,14,3,2,31,25,7000047,10,7,2,10133,500001,16
db -24,15,10000,0,4,0,7014744,10133,500001,16,-24,9,1,9,0,7013334
db 14,3,2,31,25,7000047,10,7,2,2,0,7014762,10133,500001,16,-22
db 9,1,9,0,7013340,14,3,2,31,25,7000047,10,7,2,9,0,7013338,14
db 3,1,31,25,7000047,10,7,1,10133,500001,16,-6,10,1,6,1134,10050
db 16,-6,10133,500001,16,-14,20,1,1134,10050,16,-14,10133,500001
db 16,-7,15,10000,0,4,0,7014835,10133,500001,16,-14,10133,500002
db 16,-7,11,10002,14,20001,86,10001,87,10001,108,1,15,10000,0
db 4,0,7014832,2,0,7014879,2,0,7014876,10133,500001,16,-15,14
db 2,2040,11,10002,86,20002,87,20002,108,2,10133,500001,16,-15
db 14,3,40,11,10003,86,30003,87,30003,108,3,51,20003,15,30000
db 0,4,0,7014876,2,0,7014879,2,0,7014345,2,0,7014894,9,0,7014926
db 14,3,1,31,25,7000059,10,7,1,117,40,45,115,0,37,100,32,37,100
db 32,37,100,32,0,99,97,110,39,116,32,114,101,97,100,32,115,105
db 122,101,10,0,117,115,97,103,101,58,32,100,105,115,97,115,109
db 32,60,112,116,114,62,32,91,115,105,122,101,93,10,0,45,102
db 0,99,97,110,39,116,32,114,101,97,100,32,115,116,97,114,116
db 32,97,100,100,114,101,115,115,10,0,34,100,105,115,97,115,109
db 32,91,45,115,93,91,45,102,93,32,60,112,116,114,62,32,91,115
db 105,122,101,93,34,32,112,114,105,110,116,115,32,116,104,101
db 32,100,105,115,97,115,115,101,109,98,108,121,32,111,102,32
db 99,111,100,101,32,97,116,32,112,116,114,46,32,73,102,32,115
db 105,122,101,32,105,115,32,110,111,116,32,115,112,101,99,105
db 102,105,101,100,44,32,112,114,105,110,116,115,32,117,110,116
db 105,108,32,34,114,101,116,34,32,105,115,32,102,111,117,110
db 100,46,10,102,108,97,103,115,58,10,45,115,32,102,111,114,32
db 115,104,111,114,116,101,114,32,111,117,116,112,117,116,10
db 45,102,32,116,111,32,103,111,32,102,97,115,116,101,114,0,135
db 0,4,9,25,7000705,14,3,1,31,25,7000029,10,7,1,1134,10050,16
db -1,14,3,0,31,0,7000707,1134,10050,16,-2,10133,500001,16,-2
db 9,1,14,3,1,31,0,7000856,10,7,1,1134,10050,16,-3,10133,500001
db 16,-3,9,1,14,3,1,31,25,7000015,10,7,1,1134,10050,16,-4,10133
db 500001,16,-4,22,1,14,10002,9,2,9,0,0,10133,500001,16,-4,9
db 1,10133,500001,16,-2,9,1,14,3,4,31,0,7000930,10,7,4,1134,10050
db 16,-2,10133,500001,16,-1,9,1,9,0,7015355,14,3,2,31,25,7000047
db 10,7,2,10133,500001,16,-3,9,1,10133,500001,16,-2,9,1,9,0,7015329
db 14,3,3,31,25,7000047,10,7,3,10133,500001,16,2,9,1,10133,500001
db 16,-3,9,1,10133,500001,16,-2,9,1,14,3,3,31,25,7000105,10,7
db 3,117,40,119,114,105,116,105,110,103,32,101,120,101,32,37
db 100,32,47,32,115,105,122,101,32,37,100,10,0,10,99,111,100
db 101,32,115,105,122,101,32,97,99,116,117,97,108,32,61,32,37
db 100,10,0
